1718381091553	Pedals:
1718381091553	Pedals:
1718381091553	Pedals:
1718381091553	Pedals: 7
1718381091553	Pedals: 7
1718381091553	Pedals: 7
1718381091553	Pedals:
1718381091553	Pedals:
1718381091568	Pedals:
1718381091568	Pedals:
1718381091568	Pedals:
1718381091576	Pedals:
1718381091578	Pedals:
1718381091580	Pedals:
1718381091582	Pedals:
1718381091583	Pedals:
1718381091587	Pedals:
1718381091589	Pedals:
1718381091592	Pedals:
1718381091632	Pedals:
1718381091733	Pedals:
1718381091830	Pedals:
1718381091935	Pedals:
1718381092039	Pedals:
1718381092142	Pedals:
1718381092240	Pedals: 7
1718381092344	Pedals: 7
1718381092448	Pedals: 7
1718381092552	Pedals: 7
1718381092649	Pedals: 7
1718381092753	Pedals:
1718381092850	Pedals:
1718381092955	Pedals: 7 10
1718381093058	Pedals: 7 10 12
1718381093156	Pedals: 7 10 12
1718381093256	Pedals: 7 10
1718381093354	Pedals:
1718381093460	Pedals:
1718381093557	Pedals:
1718381093669	Pedals:
1718381093758	Pedals:
1718381093863	Pedals:
1718381093967	Pedals:
1718381094077	Pedals:
1718381094167	Pedals:
1718381094270	Pedals:
1718381094383	Pedals:
1718381094473	Pedals:
1718381094576	Pedals:
1718381094690	Pedals:
1718381094787	Pedals:
1718381094900	Pedals: 2 3 5 6
1718381095002	Pedals: 2 3 5 6
1718381095106	Pedals: 2 3 5 6
1718381095204	Pedals: 2 3 5 6
1718381095292	Pedals:
1718381095390	Pedals:
1718381095493	
1718381095493	Pedals:
1718381095598	
1718381095598	Pedals:
1718381095708	Pedals:
1718381095809	Pedals:
1718381095910	Pedals:
1718381096016	Pedals:
1718381096104	Pedals:
1718381096208	
1718381096208	Pedals:
1718381096320	Pedals:
1718381096409	Pedals:
1718381096524	Pedals:
1718381096616	Pedals:
1718381096721	Pedals:
1718381096828	Pedals:
1718381096927	Pedals:
1718381097027	Pedals:
1718381097126	Pedals:
1718381097230	Pedals:
1718381097328	Pedals:
1718381097427	Pedals:
1718650605862	
1718650605862	
1718650605862	
1718650605862	
1718650605862	
1718650605862	
1718650605862	
1718650605862	
1718650605862	
1718650605877	
1718650605877	
1718650605881	
1718650605883	
1718650605884	
1718650605958	
1718650606050	
1718650606162	
1718650606162	
1718650606259	
1718650606357	
1718650606458	
1718650606555	
1718650606668	
1718650606765	
1718650606867	
1718650606964	
1718650607077	
1718650607183	
1718650607279	
1718650607377	
1718650607473	
1718650607584	
1718650607682	
1718650607783	
1718650607883	
1718650607985	
1718650608098	6
1718650608196	
1718650608300	
1718650608397	
1718650608494	
1718650608595	
1718650608709	
1718650608807	
1718650608904	
1718650609005	
1718650609111	
1718650609111	
1718650609210	
1718650609312	
1718650609312	
1718650609416	
1718650609416	
1718650609521	
1718650609611	
1718650609722	
1718650609819	
1718650609924	
1718650609924	
1718650610022	
1718650610123	
1718650610236	
1718650610333	
1718650610432	
1718650610534	
1718650610534	
1718650610629	
1718650610742	
1718650610841	
1718650610945	
1718650610945	
1718650611041	
1718650611152	
1718650611242	
1718650611344	
1718650611452	
1718650611547	
1718650611657	
1718650611756	
1718650611853	
1718650611957	
1718650611957	
1718650612059	
1718650612156	
1718650612267	
1718650612375	
1718650612479	
1718650612568	
1718650612670	
1718650612767	
1718650612874	
1718650612977	
1718650612977	
1718650613082	
1718650613082	
1718650613187	
1718650613289	
1718650613388	
1718650613486	
1718650613586	
1718650613692	
1718650613692	
1718650613789	
1718650613891	
1718650613990	
1718650614102	
1718650614199	
1718650614301	
1718650614398	
1718650614512	
1718650614610	
1718650614714	
1718650614817	
1718650614913	
1718650615020	
1718650615020	
1718650615122	
1718650615122	
1718650615212	
1718650615314	
1718650615420	
1718650615522	
1718650615621	
1718650615733	
1718650615830	
1718650615929	
1718650616031	
1718650616031	
1718650616135	
1718650616135	
1718650616239	
1718650616239	
1718650616337	
1718650616439	
1718650616538	
1718650616649	
1718650616746	
1718650616848	
1718650616945	
1718650617044	
1718650617156	
1718650617253	
1718650617364	
1718650617364	
1718650617462	
1718650617560	
1718650617653	
1718650617759	
1718650617871	
1718650617871	
1718650617969	
1718650618066	
1718650618169	
1718650618271	
1718650618384	
1718650618483	
1718650618572	
1718650618675	
1718650618788	
1718650618892	
1718650618988	
1718650619087	
1718650619190	
1718650619287	
1718650619389	
1718650619503	
1718650619596	
1718650619696	
1718650619807	
1718650619898	
1718650620009	
1718650620107	
1718650620203	
1718650620314	
1718650620420	
1718650620509	
1718650620612	
1718650620709	
1718650620822	
1718650620919	
1718650621029	
1718650621029	
1718650621127	
1718650621231	
1718650621231	
1718650621336	
1718650621431	
1718650621529	
1718650621633	
1718650621633	
1718650621731	
1718650621841	
1718650621938	
1718650622040	
1718650622139	
1718650622251	
1718650622348	
1718650622445	
1718650622556	
1718650622654	
1718650622759	
1718650622855	
1718650622951	
1718650623063	
1718650623160	
1718650623271	
1718650623368	
1718650623465	
1718650623567	
1718650623666	
1718650623778	
1718650623875	
1718650623972	
1718650624076	
1718650624076	
1718650624180	
1718650624180	
1718650624284	
1718650624284	
1718650624374	
1718650624478	
1718650624590	
1718650624687	
1718650624788	
1718650624888	
1718650625000	
1718650625097	
1718650625195	
1718650625296	
1718650625408	
1718650625506	
1718650625603	
1718650625706	
1718650625706	
1718650625811	
1718650625811	
1718650625906	
1718650626019	
1718650626118	
1718650626215	
1718650626318	
1718650626318	
1718650626429	
1718650626526	
1718650626623	
1718650626722	
1718650626830	
1718650626830	
1718650626930	
1718650627033	
1718650627033	
1718650627130	
1718650627233	
1718650627329	
1718650627442	
1718650627547	
1718650627637	
1718650627741	
1718650627843	
1718650627956	
1718650628054	
1718650628151	
1718650628249	
1718650628358	
1718650628358	
1718650628454	
1718650628560	
1718650628560	
1718650628658	
1718650628761	
1718650628761	1
1718650628873	1
1718650628970	1
1718650629068	1
1718650629171	1
1718650629275	
1718650629275	1
1718650629380	
1718650629484	
1718650629580	
1718650629677	
1718650629781	
1718650629781	1
1718650629885	
1718650629885	1
1718650629982	1
1718650630080	1
1718650630191	1
1718650630299	1
1718650630401	1
1718650630496	1
1718650630603	1
1718650630698	1
1718650630795	1
1718650630899	1
1718650631010	1
1718650631107	1
1718650631204	1
1718650631317	1
1718650631406	
1718650631509	
1718650631621	
1718650631718	
1718650631823	
1718650631910	
1718650632023	
1718650632121	
1718650632232	
1718650632322	
1718650632424	
1718650632537	
1718650632627	
1718650632738	
1718650632828	
1718650632932	
1718650633045	
1718650633141	
1718650633243	
1718650633342	
1718650633447	
1718650633447	
1718650633543	
1718650633655	
1718650633752	
1718650633856	
1718650633856	
1718650633953	
1718650634048	
1718650634161	
1718650634258	
1718650634362	
1718650634362	
1718650634466	
1718650634466	
1718650634572	
1718650634572	
1718650634673	
1718650634772	
1718650634871	
1718650634980	
1718650635077	
1718650635175	
1718650635278	
1718650635383	
1718650635487	
1718650635487	
1718650635585	
1718650635681	
1718650635783	
1718650635889	
1718650635993	
1718650635993	
1718650636091	
1718650636192	
1718650636290	
1718650636403	
1718650636508	
1718650636604	
1718650636702	
1718650636804	
1718650636910	
1718650637016	
1718650637016	
1718650637118	
1718650637215	
1718650637312	
1718650637423	
1718650637521	
1718650637622	
1718650637720	
1718650637817	
1718650637930	
1718650638036	
1718650638124	
1718650638236	
1718650638333	
1718650638443	
1718650638541	
1718650638638	
1718650638740	
1718650638837	
1718650638943	
1718650638943	
1718650639047	
1718650639047	
1718650639152	
1718650639152	
1718650639250	
1718650639354	
1718650639354	
1718650639456	
1718650639456	
1718650639556	
1718650639658	
1718650639658	
1718650639753	
1718650639866	
1718650639964	
1718650640069	
1718650640069	
1718650640174	
1718650640277	
1718650640373	
1718650640471	
1718650640581	
1718650640681	
1718650640783	
1718650640783	
1718650640879	
1718650640975	
1718650641081	
1718650641192	
1718650641192	
1718650641283	
1718650641384	
1718650641482	
1718650641588	
1718650641699	
1718650641796	
1718650641898	
1718650641995	
1718650642102	
1718650642102	
1718650642206	
1718650642206	
1718650642301	
1718650642414	
1718650642414	
1718650642511	
1718650642616	
1718650642616	
1718650642719	
1718650642719	
1718650642817	
1718650642913	
1718650643018	
1718650643018	
1718650643115	
1718650643217	
1718650643331	
1718650643420	
1718650643530	
1718650643636	
1718650643733	
1718650643830	
1718650643941	
1718650643941	
1718650644038	
1718650644144	
1718650644144	
1718650644244	
1718650644343	
1718650644445	
1718650644546	
1718650644546	
1718650644650	
1718650644650	
1718650644754	
1718650644754	
1718650644857	
1718650644857	
1718650644956	
1718650645058	
1718650645058	
1718650645157	
1718650645260	
1718650645260	
1718650645366	
1718650645366	
1718650645461	
1718650645565	
1718650645565	
1718650645662	
1718650645773	
1718650645871	
1718650645974	
1718650645974	
1718650646080	
1718650646168	
1718650646273	
1718650646375	
1718650646488	
1718650646586	
1718650646676	
1718650646787	
1718650646885	
1718650646986	
1718650647091	
1718650647091	
1718650647196	
1718650647196	
1718650647291	
1718650647388	
1718650647502	
1718650647599	
1718650647701	
1718650647798	
1718650647911	
1718650648009	
1718650648112	
1718650648112	
1718650648218	
1718650648218	
1718650648318	
1718650648411	
1718650648513	
1718650648619	
1718650648619	
1718650648730	
1718650648828	
1718650648925	
1718650649022	
1718650649126	
1718650649228	
1718650649325	
1718650649438	
1718650649535	
1718650649639	
1718650649639	
1718650649745	
1718650649745	
1718650649833	
1718650649945	
1718650650042	
1718650650146	
1718650650146	
1718650650257	
1718650650354	
1718650650452	
1718650650550	
1718650650653	
1718650650653	
1718650650757	
1718650650757	
1718650650861	
1718650650861	
1718650650963	
1718650651062	
1718650651159	
1718650651270	
1718650651369	
1718650651465	
1718650651567	
1718650651673	
1718650651784	
1718650651881	
1718650651979	
1718650652081	
1718650652189	
1718650652189	
1718650652292	
1718650652292	
1718650652381	
1718650652492	
1718650652589	
1718650652695	
1718650652695	
1718650652791	
1718650652902	
1718650652902	
1718650652999	
1718650653097	
1718650653198	
1718650653295	
1718650653409	
1718650653507	
1718650653609	
1718650653704	
1718650653819	
1718650653916	
1718650654021	
1718650654109	
1718650654211	
1718650654318	
1718650654419	
1718650654534	
1718650654631	
1718650654726	
1718650654822	
1718650654927	
1718650655040	
1718650655137	
1718650655243	
1718650655243	
1718650655346	
1718650655449	
1718650655545	
1718650655643	
1718650655746	
1718650655746	
1718650655845	
1718650655947	
1718650656060	
1718650656157	
1718650656254	
1718650656351	
1718650656463	
1718650656560	
1718650656671	
1718650656767	
1718650656865	
1718650656967	
1718650657064	
1718650657177	
1718650657177	
1718650657274	
1718650657369	
1718650657474	
1718650657586	
1718650657684	
1718650657781	
1718650657892	
1718650657990	
1718650658095	
1718650658095	
1718650658195	
1718650658288	
1718650658399	
1718650658496	
1718650658593	
1718650658704	
1718650658801	
1718650658906	
1718650658906	
1718650659003	
1718650659105	
1718650659202	
1718650659314	
1718650659405	
1718650659509	
1718650659621	
1718650659718	
1718650659829	
1718650659927	
1718650660023	
1718650660121	
1718650660225	
1718650660326	
1718650660439	
1718650660537	
1718650660634	
1718650660738	
1718650660738	
1718650660836	
1718650660940	
1718650660940	
1718650661041	
1718650661138	
1718650661252	
1718650661342	
1718650661453	
1718650661550	
1718650661645	
1718650661758	
1718650661863	
1718650661863	
1718650661960	
1718650662055	
1718650662168	
1718650662265	
1718650662364	
1718650662466	
1718650662470	
1718650662577	
1718650662577	
1718650662672	
1718650662780	
1718650662876	
1718650662979	
1718650662979	
1718650663078	
1718650663183	
1718650663183	
1718650663285	
1718650663285	
1718650663391	
1718650663391	
1718650663493	
1718650663591	
1718650663688	
1718650663792	
1718650663792	
1718650663890	
1718650663993	
1718650663993	
1718650664104	
1718650664202	
1718650664299	
1718650664401	
1718650664508	
1718650664508	
1718650664609	
1718650664708	
1718650664805	
1718650664916	
1718650665015	
1718650665119	
1718650665119	
1718650665223	
1718650665312	
1718650665423	
1718650665522	
1718650665631	
1718650665631	
1718650665730	
1718650665826	
1718650665928	
1718650666026	
1718650666138	
1718650666243	
1718650666345	
1718650666443	
1718650666542	
1718650666635	
1718650666750	
1718650666750	
1718650666851	
1718650666943	
1718650667047	
1718650667047	
1718650667151	
1718650667151	
1718650667255	
1718650667357	
1718650667450	
1718650667554	
1718650667658	
1718650667658	
1718650667769	
1718650667866	
1718650667963	
1718650668067	
1718650668171	
1718650668269	
1718650668372	
1718650668372	
1718650668468	
1718650668583	
1718650668678	
1718650668779	
1718650668781	
1718650668879	
1718650668991	
1718650669089	
1718650669192	
1718650669192	
1718650669289	
1718650669400	
1718650669496	
1718650669588	
1718650669690	
1718650669803	
1718650669900	
1718650670011	
1718650670109	
1718650670205	
1718650670307	
1718650670416	
1718650670416	
1718650670516	
1718650670615	
1718650670721	
1718650670721	
1718650670823	
1718650670823	
1718650670927	
1718650671025	
1718650671122	
1718650671223	
1718650671321	
1718650671427	
1718650671529	
1718650671635	
1718650671635	
1718650671741	
1718650671828	
1718650671941	
1718650672038	
1718650672142	
1718650672248	
1718650672248	
1718650672348	
1718650672456	
1718650672551	
1718650672649	
1718650672753	
1718650672753	
1718650672851	
1718650672954	
1718650673056	
1718650673154	
1718650673266	
1718650673364	
1718650673461	
1718650673563	
1718650673677	
1718650673677	
1718650673775	
1718650673878	
1718650673976	
1718650674076	
1718650674183	
1718650674183	
1718650674281	
1718650674385	
1718650674385	
1718650674489	
1718650674489	
1718650674593	
1718650674689	
1718650674795	
1718650674897	
1718650674995	
1718650675100	
1718650675100	
1718650675203	
1718650675203	
1718650675293	
1718650675404	
1718650675494	
1718650675606	
1718650675703	
1718650675807	
1718650675807	
1718650675905	
1718650676008	
1718650676119	
1718650676209	
1718650676322	
1718650676425	
1718650676522	
1718650676619	
1718650676722	
1718650676834	
1718650676931	
1718650677028	
1718650677126	
1718650677230	
1718650677341	
1718650677341	
1718650677438	
1718650677540	
1718650677648	
1718650677743	
1718650677850	
1718650677850	
1718650677949	
1718650678042	
1718650678145	
1718650678145	
1718650678257	
1718650678347	
1718650678451	
1718650678553	
1718650678650	
1718650678763	
1718650678869	
1718650678869	
1718650678972	
1718650679069	
1718650679166	
1718650679263	
1718650679365	
1718650679480	
1718650679578	
1718650679681	
1718650679681	
1718650679783	
1718650679890	
1718650679976	
1718650680090	
1718650680187	
1718650680284	
1718650680388	
1718650680388	
1718650680492	
1718650680492	1
1718650680598	
1718650680686	
1718650680790	
1718650680901	1
1718650680998	6
1718650681096	
1718650681199	
1718650681303	
1718650681399	
1718650681512	
1718650681609	
1718650681713	
1718650681713	
1718650681817	
1718650681817	
1718650681923	
1718650681923	
1718650682027	
1718650682130	
1718650682220	
1718650682331	
1718650682428	
1718650682526	
1718650682627	
1718650682734	
1718650682734	
1718650682831	
1718650682927	
1718650683039	
1718650683138	
1718650683238	
1718650683344	
1718650683344	
1718650683439	
1718650683546	
1718650683650	
1718650683748	
1718650683852	
1718650683852	
1718650683953	
1718650684060	
1718650684060	
1718650684165	
1718650684165	
1718650684266	
1718650684357	
1718650684469	
1718650684559	
1718650684661	
1718650684773	
1718650684871	
1718650684977	
1718650685073	
1718650685168	
1718650685274	
1718650685274	
1718650685385	
1718650685385	
1718650685482	
1718650685588	
1718650685588	
1718650685688	
1718650685796	
1718650685892	
1718650685982	
1718650686086	
1718650686188	
1718650686295	
1718650686398	
1718650686398	
1718650686503	
1718650686503	
1718650686601	
1718650686705	
1718650686705	
1718650686806	
1718650686914	
1718650686914	
1718650687002	
1718650687114	
1718650687211	
1718650687312	
1718650687414	
1718650687414	
1718650687516	
1718650687516	
1718650687620	
1718650687620	
1718650687726	
1718650687726	
1718650687826	
1718650687934	
1718650688023	
1718650688127	
1718650688231	
1718650688231	
1718650688330	
1718650688439	
1718650688536	
1718650688638	
1718650688736	
1718650688833	
1718650688946	
1718650689052	
1718650689140	
1718650689251	
1718650689357	
1718650689459	
1718650689558	
1718650689655	
1718650689760	
1718650689760	
1718650689860	
1718650689968	
1718650689968	
1718650690064	
1718650690167	
1718650690167	
1718650690263	
1718650690375	
1718650690473	
1718650690579	
1718650690579	
1718650690681	
1718650690687	
1718650690771	
1718650690882	
1718650690979	
1718650691075	
1718650691188	
1718650691285	
1718650691382	
1718650691486	
1718650691586	
1718650691589	
1718650691701	
1718650691792	
1718650691895	
1718650691895	
1718650691995	
1718650691995	
1718650692095	
1718650692208	
1718650692208	
1718650692305	
1718650692404	
1718650692506	
1718650692506	
1718650692602	
1718650692715	
1718650692812	
1718650692907	
1718650693013	
1718650693125	
1718650693222	
1718650693323	
1718650693423	
1718650693527	
1718650693527	
1718650693626	
1718650693728	
1718650693728	
1718650693839	
1718650693937	
1718650694033	
1718650694129	
1718650694235	
1718650694337	
1718650694450	
1718650694541	
1718650694651	
1718650694749	
1718650694845	
1718650694950	
1718650694950	
1718650695054	
1718650695054	
1718650695151	
1718650695253	
1718650695367	
1718650695465	
1718650695554	
1718650695665	
1718650695771	
1718650695771	
1718650695874	
1718650695874	
1718650695975	
1718650696067	
1718650696178	
1718650696275	
1718650696381	
1718650696381	
1718650696485	
1718650696485	
1718650696586	
1718650696678	
1718650696780	
1718650696893	
1718650696991	
1718650697088	
1718650697199	
1718650697296	
1718650697393	
1718650697504	
1718650697603	
1718650697691	
1718650697809	
1718650697908	
1718650698004	
1718650698108	
1718650698108	
1718650698212	
1718650698212	
1718650698311	
1718650698404	
1718650698519	
1718650698614	
1718650698726	
1718650698726	
1718650698823	
1718650698920	
1718650699031	
1718650699128	
1718650699233	
1718650699233	
1718650699331	
1718650699427	
1718650699531	
1718650699633	
1718650699739	
1718650699739	
1718650699837	
1718650699940	
1718650700038	
1718650700139	
1718650700246	
1718650700246	
1718650700350	
1718650700350	
1718650700449	
1718650700549	
1718650700645	
1718650700760	
1718650700760	
1718650700854	
1718650700952	
1718650701058	
1718650701160	
1718650701266	
1718650701266	
1718650701361	
1718650701474	
1718650701572	
1718650701669	
1718650701772	
1718650701772	
1718650701876	
1718650701876	
1718650701975	
1718650702076	
1718650702173	
1718650702280	
1718650702383	
1718650702383	
1718650702479	
1718650702592	
1718650702689	
1718650702793	
1718650702793	
1718650702895	
1718650702987	
1718650703092	
1718650703204	
1718650703308	
1718650703308	
1718650703401	
1718650703501	
1718650703605	
1718650703707	
1718650703806	
1718650703918	
1718650704015	
1718650704112	
1718650704216	
1718650704320	
1718650704320	
1718650704424	
1718650704424	
1718650704523	
1718650704627	
1718650704627	
1718650704723	
1718650704827	
1718650704930	
1718650704930	
1718650705035	
1718650705035	
1718650705130	
1718650705242	
1718650705342	
1718650705438	
1718650705535	
1718650705638	
1718650705750	
1718650705849	
1718650705951	
1718650705951	
1718650706048	
1718650706160	
1718650706257	
1718650706355	
1718650706458	
1718650706458	
1718650706553	
1718650706666	
1718650706666	
1718650706763	
1718650706860	
1718650706972	
1718650707077	
1718650707077	
1718650707167	
1718650707278	
1718650707368	
1718650707479	
1718650707479	
1718650707585	
1718650707681	
1718650707778	
1718650707882	
1718650707986	
1718650708090	
1718650708188	
1718650708294	
1718650708294	
1718650708397	
1718650708397	
1718650708501	
1718650708501	
1718650708597	
1718650708693	
1718650708805	
1718650708896	
1718650709000	
1718650709112	
1718650709200	
1718650709312	
1718650709417	
1718650709506	
1718650709610	
1718650709610	
1718650709714	
1718650709714	
1718650709819	
1718650709925	
1718650709925	
1718650710027	
1718650710027	
1718650710133	
1718650710228	
1718650710333	
1718650710423	
1718650710525	
1718650710631	
1718650710734	
1718650710837	
1718650710837	
1718650710945	
1718650711033	
1718650711138	
1718650711248	
1718650711346	
1718650711451	
1718650711451	
1718650711556	
1718650711658	
1718650711755	
1718650711852	
1718650711956	
1718650711956	
1718650712062	
1718650712062	
1718650712166	
1718650712166	
1718650712260	
1718650712373	
1718650712463	
1718650712567	
1718650712671	
1718650712671	
1718650712778	
1718650712778	
1718650712881	
1718650712976	
1718650713083	
1718650713178	
1718650713282	
1718650713388	
1718650713477	
1718650713588	
1718650713695	
1718650713695	
1718650713789	
1718650713891	
1718650713891	
1718650713997	
1718650713997	7
1718650714088	
1718650714199	
1718650714304	
1718650714304	
1718650714398	
1718650714504	
1718650714504	
1718650714609	
1718650714698	
1718650714810	
1718650714915	
1718650714915	
1718650715017	
1718650715108	
1718650715211	
1718650715315	
1718650715315	
1718650715420	
1718650715420	
1718650715525	
1718650715621	
1718650715716	
1718650715822	
1718650715926	
1718650716031	
1718650716031	
1718650716134	
1718650716134	
1718650716240	
1718650716337	
1718650716442	
1718650716442	
1718650716537	
1718650716641	
1718650716738	
1718650716842	
1718650716938	
1718650717044	
1718650717148	
1718650717259	
1718650717357	
1718650717454	
1718650717559	
1718650717559	
1718650717664	
1718650717752	
1718650717864	
1718650717961	
1718650718065	
1718650718065	
1718650718176	
1718650718176	
1718650718266	
1718650718369	
1718650718474	
1718650718580	
1718650718580	
1718650718684	
1718650718684	
1718650718784	
1718650718784	
1718650718884	
1718650718982	
1718650719092	
1718650719182	
1718650719293	
1718650719390	
1718650719496	
1718650719496	
1718650719601	
1718650719601	
1718650719704	
1718650719793	
1718650719895	
1718650719993	
1718650720099	
1718650720209	
1718650720209	
1718650720313	
1718650720313	
1718650720416	
1718650720508	
1718650720612	
1718650720612	
1718650720718	
1718650720718	
1718650720814	
1718650720917	
1718650721021	
1718650721021	
1718650721127	
1718650721127	
1718650721231	
1718650721327	
1718650721430	
1718650721430	
1718650721521	
1718650721625	
1718650721737	
1718650721737	
1718650721842	
1718650721944	
1718650722035	
1718650722138	
1718650722242	
1718650722242	
1718650722348	
1718650722348	
1718650722453	
1718650722548	
1718650722654	
1718650722750	
1718650722853	
1718650722853	
1718650722960	
1718650722960	
1718650723063	
1718650723152	
1718650723256	
1718650723256	
1718650723368	
1718650723368	
1718650723472	
1718650723561	
1718650723673	
1718650723770	
1718650723867	
1718650723971	
1718650724083	
1718650724173	
1718650724283	
1718650724374	
1718650724485	
1718650724582	
1718650724686	
1718650724686	1
1718650724792	
1718650724792	
1718650724895	
1718650724992	
1718650725095	
1718650725193	
1718650725299	
1718650725299	
1718650725402	
1718650725402	
1718650725507	
1718650725507	
1718650725610	
1718650725700	
1718650725811	
1718650725901	
1718650726004	
1718650726004	
1718650726109	
1718650726109	
1718650726221	
1718650726310	
1718650726415	
1718650726415	
1718650726518	
1718650726518	
1718650726622	
1718650726622	
1718650726728	
1718650726825	
1718650726930	
1718650726930	
1718650727032	
1718650727032	
1718650727138	
1718650727227	
1718650727338	
1718650727428	
1718650727539	
1718650727539	
1718650727638	
1718650727739	
1718650727739	
1718650727851	
1718650727942	
1718650728038	
1718650728142	
1718650728246	
1718650728358	
1718650728448	
1718650728552	
1718650728664	
1718650728761	
1718650728858	
1718650728960	
1718650729057	
1718650729170	
1718650729267	
1718650729378	
1718650729468	
1718650729572	
1718650729680	
1718650729680	
1718650729779	
1718650729886	
1718650729989	
1718650730079	
1718650730183	
1718650730278	
1718650730392	
1718650730497	
1718650730593	
1718650730699	
1718650730699	
1718650730795	
1718650730905	
1718650730995	
1718650731100	
1718650731100	
1718650731197	
1718650731301	
1718650731406	
1718650731406	
1718650731516	
1718650731614	
1718650731703	
1718650731815	
1718650731920	
1718650731920	
1718650732024	
1718650732112	
1718650732217	
1718650732321	
1718650732425	
1718650732425	
1718650732529	
1718650732529	
1718650732635	
1718650732735	
1718650732836	
1718650732836	
1718650732937	
1718650732937	
1718650733030	
1718650733133	
1718650733244	
1718650733342	
1718650733447	
1718650733447	
1718650733551	
1718650733551	
1718650733647	
1718650733753	
1718650733848	
1718650733944	
1718650734049	
1718650734161	
1718650734161	
1718650734251	
1718650734355	
1718650734459	
1718650734459	
1718650734563	
1718650734563	
1718650734667	
1718650734667	
1718650734771	
1718650734771	
1718650734863	
1718650734973	
1718650735078	
1718650735078	
1718650735172	
1718650735285	
1718650735382	
1718650735473	
1718650735576	
1718650735680	
1718650735680	
1718650735792	
1718650735890	
1718650735994	
1718650736098	
1718650736195	
1718650736292	
1718650736396	
1718650736501	
1718650736501	
1718650736597	
1718650736706	
1718650736805	
1718650736903	
1718650737007	
1718650737007	
1718650737112	
1718650737112	
1718650737216	
1718650737216	
1718650737317	
1718650737317	
1718650737409	
1718650737513	
1718650737624	
1718650737714	
1718650737825	
1718650737922	
1718650738019	
1718650738131	
1718650738228	
1718650738332	
1718650738332	
1718650738430	
1718650738533	
1718650738533	
1718650738639	
1718650738639	
1718650738733	
1718650738845	
1718650738936	
1718650739040	
1718650739136	
1718650739249	
1718650739345	
1718650739457	
1718650739553	
1718650739660	
1718650739660	
1718650739755	
1718650739850	
1718650739963	
1718650740068	
1718650740165	
1718650740270	
1718650740270	
1718650740375	
1718650740375	
1718650740470	
1718650740580	
1718650740671	
1718650740777	
1718650740777	
1718650740882	
1718650740882	
1718650740983	
1718650740983	
1718650741081	
1718650741185	
1718650741185	
1718650741282	
1718650741378	
1718650741490	
1718650741596	
1718650741684	
1718650741788	
1718650741893	
1718650742004	
1718650742094	
1718650742198	
1718650742308	
1718650742308	
1718650742400	
1718650742503	
1718650742608	
1718650742608	
1718650742710	
1718650742816	
1718650742913	
1718650743012	
1718650743114	
1718650743114	
1718650743219	
1718650743219	
1718650743315	
1718650743420	
1718650743531	
1718650743621	
1718650743725	
1718650743725	
1718650743836	
1718650743927	
1718650744038	
1718650744143	
1718650744232	
1718650744343	
1718650744433	
1718650744544	
1718650744643	
1718650744753	
1718650744753	
1718650744850	
1718650744947	
1718650745051	
1718650745051	
1718650745157	
1718650745157	
1718650745252	
1718650745356	
1718650745452	
1718650745558	
1718650745669	
1718650745758	
1718650745872	
1718650745975	
1718650746064	
1718650746168	
1718650746168	
1718650746272	
1718650746272	
1718650746384	
1718650746473	
1718650746570	
1718650746675	
1718650746786	
1718650746883	
1718650746986	
1718650747083	
1718650747188	
1718650747293	
1718650747293	
1718650747391	
1718650747493	
1718650747605	
1718650747695	
1718650747799	
1718650747910	
1718650748008	
1718650748105	
1718650748211	
1718650748211	
1718650748314	
1718650748314	
1718650748410	
1718650748514	
1718650748610	
1718650748716	
1718650748820	
1718650748917	
1718650749028	
1718650749118	
1718650749222	
1718650749222	
1718650749333	
1718650749439	
1718650749535	
1718650749633	
1718650749737	
1718650749737	
1718650749842	
1718650749842	
1718650749937	
1718650750041	
1718650750137	
1718650750243	
1718650750347	
1718650750347	
1718650750443	
1718650750555	
1718650750652	
1718650750758	
1718650750758	
1718650750852	
1718650750948	
1718650751062	
1718650751159	
1718650751263	
1718650751263	
1718650751369	
1718650751369	
1718650751465	
1718650751568	
1718650751679	
1718650751769	
1718650751873	
1718650751873	
1718650751970	
1718650752082	
1718650752179	
1718650752285	
1718650752389	
1718650752485	
1718650752582	
1718650752686	
1718650752686	
1718650752790	
1718650752790	
1718650752886	
1718650752991	
1718650753102	
1718650753193	
1718650753296	
1718650753296	
1718650753400	
1718650753400	
1718650753496	
1718650753603	
1718650753711	
1718650753817	
1718650753908	
1718650754011	
1718650754011	
1718650754110	
1718650754211	
1718650754317	
1718650754422	
1718650754422	
1718650754527	
1718650754623	
1718650754718	
1718650754824	
1718650754935	
1718650755034	
1718650755138	
1718650755138	
1718650755242	
1718650755330	
1718650755443	
1718650755531	
1718650755643	
1718650755749	
1718650755749	
1718650755851	
1718650755851	
1718650755941	
1718650756052	
1718650756142	
1718650756253	
1718650756359	
1718650756359	
1718650756455	
1718650756558	
1718650756655	
1718650756767	
1718650756873	
1718650756961	
1718650757073	
1718650757170	
1718650757276	
1718650757276	
1718650757371	
1718650757482	
1718650757572	
1718650757683	
1718650757780	
1718650757887	
1718650757887	
1718650757990	
1718650757990	
1718650758079	
1718650758190	
1718650758288	
1718650758383	
1718650758496	
1718650758601	
1718650758601	
1718650758689	
1718650758801	
1718650758907	
1718650758907	
1718650759008	
1718650759106	
1718650759203	
1718650759307	
1718650759307	
1718650759413	
1718650759413	
1718650759517	
1718650759517	
1718650759618	
1718650759618	
1718650759709	
1718650759821	
1718650759911	
1718650760015	
1718650760126	
1718650760224	
1718650760335	
1718650760425	
1718650760536	
1718650760633	
1718650760731	
1718650760842	
1718650760932	
1718650761036	
1718650761145	
1718650761244	
1718650761341	
1718650761445	
1718650761445	
1718650761543	
1718650761647	
1718650761758	
1718650761855	
1718650761959	
1718650761959	
1718650762057	
1718650762154	
1718650762256	
1718650762369	
1718650762459	
1718650762562	
1718650762674	
1718650762771	
1718650762866	
1718650762972	
1718650763068	
1718650763174	
1718650763284	
1718650763284	
1718650763388	
1718650763479	
1718650763590	
1718650763687	
1718650763793	
1718650763793	
1718650763897	
1718650763986	
1718650764089	
1718650764201	
1718650764298	
1718650764395	
1718650764499	
1718650764594	
1718650764708	
1718650764813	
1718650764813	
1718650764913	
1718650765006	
1718650765117	
1718650765207	
1718650765311	
1718650765423	
1718650765423	
1718650765525	
1718650765525	
1718650765618	
1718650765720	
1718650765817	
1718650765922	
1718650766033	
1718650766124	
1718650766235	
1718650766341	
1718650766444	
1718650766540	
1718650766646	
1718650766734	
1718650766839	
1718650766950	
1718650767048	
1718650767152	
1718650767152	
1718650767256	
1718650767352	
1718650767449	
1718650767561	
1718650767658	
1718650767762	
1718650767762	
1718650767867	
1718650767956	
1718650768060	
1718650768171	
1718650768171	
1718650768266	
1718650768373	
1718650768373	
1718650768478	
1718650768478	
1718650768582	
1718650768679	
1718650768775	
1718650768879	
1718650768974	
1718650769081	
1718650769081	
1718650769191	
1718650769191	
1718650769282	
1718650769393	
1718650769484	
1718650769586	
1718650769698	
1718650769698	
1718650769789	
1718650769899	
1718650770005	
1718650770101	
1718650770205	
1718650770205	
1718650770311	
1718650770311	
1718650770405	
1718650770502	
1718650770608	
1718650770710	
1718650770710	
1718650770815	
1718650770815	
1718650770921	
1718650771010	
1718650771121	
1718650771227	
1718650771227	
1718650771331	
1718650771420	
1718650771531	
1718650771628	
1718650771730	
1718650771730	
1718650771838	
1718650771933	
1718650772037	
1718650772135	
1718650772246	
1718650772336	
1718650772447	
1718650772544	
1718650772640	
1718650772752	
1718650772850	
1718650772953	
1718650773049	
1718650773147	
1718650773252	
1718650773363	
1718650773363	
1718650773467	
1718650773467	
1718650773565	
1718650773663	
1718650773764	
1718650773877	
1718650773967	
1718650774071	
1718650774174	
1718650774281	
1718650774281	
1718650774385	
1718650774385	
1718650774489	
1718650774584	
1718650774683	
1718650774788	
1718650774788	
1718650774884	
1718650774987	
1718650775098	
1718650775189	
1718650775300	
1718650775397	
1718650775494	
1718650775605	
1718650775695	
1718650775806	
1718650775912	
1718650775912	
1718650776015	
1718650776105	
1718650776208	
1718650776208	
1718650776313	
1718650776313	
1718650776410	
1718650776514	
1718650776514	
1718650776625	
1718650776716	
1718650776819	
1718650776819	
1718650776930	
1718650777020	
1718650777132	
1718650777132	
1718650777228	
1718650777326	
1718650777429	
1718650777535	
1718650777630	
1718650777735	
1718650777839	
1718650777839	
1718650777935	
1718650778041	
1718650778152	
1718650778243	
1718650778347	
1718650778458	
1718650778555	
1718650778660	
1718650778660	
1718650778756	
1718650778860	
1718650778966	
1718650779056	
1718650779157	
1718650779270	
1718650779375	
1718650779464	
1718650779575	
1718650779672	
1718650779783	
1718650779873	
1718650779977	
1718650780088	
1718650780179	
1718650780283	
1718650780283	
1718650780387	
1718650780387	
1718650780493	
1718650780589	
1718650780694	
1718650780694	
1718650780795	
1718650780894	
1718650781005	
1718650781095	
1718650781206	
1718650781296	
1718650781401	
1718650781510	
1718650781609	
1718650781706	
1718650781809	
1718650781915	
1718650782012	
1718650782116	
1718650782221	
1718650782221	
1718650782322	
1718650782322	
1718650782429	
1718650782429	
1718650782533	
1718650782622	
1718650782733	
1718650782830	
1718650782936	
1718650782936	
1718650783032	
1718650783136	
1718650783136	
1718650783232	
1718650783337	
1718650783440	
1718650783440	
1718650783545	
1718650783643	
1718650783745	
1718650783745	
1718650783842	
1718650783955	
1718650783955	
1718650784045	
1718650784149	
1718650784260	
1718650784351	
1718650784462	
1718650784567	
1718650784664	
1718650784769	
1718650784769	
1718650784862	
1718650784968	
1718650785064	
1718650785177	
1718650785273	
1718650785369	
1718650785475	
1718650785586	
1718650785683	
1718650785789	
1718650785885	
1718650785990	
1718650785990	
1718650786084	
1718650786196	
1718650786196	
1718650786293	
1718650786389	
1718650786495	
1718650786593	
1718650786704	
1718650786704	
1718650786809	
1718650786897	
1718650787002	
1718650787002	
1718650787106	
1718650787106	
1718650787202	
1718650787308	
1718650787410	
1718650787516	
1718650787516	
1718650787621	
1718650787621	
1718650787725	
1718650787821	
1718650787925	
1718650787925	
1718650788015	
1718650788119	
1718650788231	
1718650788231	
1718650788328	
1718650788430	
1718650788430	
1718650788536	
1718650788536	
1718650788641	
1718650788737	
1718650788843	
1718650788843	
1718650788947	
1718650789035	
1718650789139	
1718650789243	
1718650789347	
1718650789452	
1718650789542	
1718650789644	
1718650789751	
1718650789855	
1718650789966	
1718650790056	
1718650790167	
1718650790257	
1718650790369	
1718650790369	
1718650790463	
1718650790570	
1718650790570	
1718650790673	
1718650790673	
1718650790778	
1718650790876	
1718650790979	
1718650791070	
1718650791180	
1718650791278	
1718650791386	
1718650791484	
1718650791597	
1718650791687	
1718650791791	
1718650791791	
1718650791897	
1718650791897	
1718650791993	
1718650792096	
1718650792096	
1718650792200	
1718650792200	
1718650792307	
1718650792395	
1718650792506	
1718650792506	
1718650792612	
1718650792700	
1718650792812	
1718650792908	
1718650793012	
1718650793116	
1718650793116	
1718650793221	
1718650793221	
1718650793325	
1718650793325	
1718650793420	
1718650793520	
1718650793623	
1718650793623	
1718650793734	
1718650793825	
1718650793921	
1718650794033	
1718650794139	
1718650794139	
1718650794228	
1718650794332	
1718650794443	
1718650794540	
1718650794643	
1718650794643	
1718650794741	
1718650794845	
1718650794940	
1718650795046	
1718650795158	
1718650795248	
1718650795351	
1718650795455	
1718650795560	
1718650795560	
1718650795666	
1718650795666	
1718650795760	
1718650795872	
1718650795962	
1718650796068	
1718650796173	
1718650796173	
1718650796275	
1718650796275	
1718650796380	
1718650796469	
1718650796580	
1718650796686	
1718650796775	
1718650796886	
1718650796983	
1718650797078	
1718650797184	
1718650797288	
1718650797400	
1718650797497	
1718650797586	
1718650797691	
1718650797795	
1718650797906	
1718650797996	
1718650798101	
1718650798205	
1718650798308	
1718650798406	
1718650798509	
1718650798614	
1718650798614	
1718650798720	
1718650798720	
1718650798813	
1718650798919	
1718650798919	
1718650799023	
1718650799023	
1718650799129	
1718650799218	
1718650799329	
1718650799329	
1718650799424	
1718650799536	
1718650799628	
1718650799731	
1718650799827	
1718650799933	
1718650800045	
1718650800045	
1718650800141	
1718650800245	
1718650800245	
1718650800341	
1718650800453	
1718650800551	
1718650800648	
1718650800752	
1718650800858	
1718650800858	
1718650800958	
1718650800958	
1718650801064	
1718650801162	
1718650801259	
1718650801356	
1718650801460	
1718650801572	
1718650801661	
1718650801765	
1718650801868	
1718650801973	
1718650801973	
1718650802077	
1718650802077	
1718650802183	
1718650802183	
1718650802283	
1718650802374	
1718650802487	
1718650802584	
1718650802688	
1718650802793	
1718650802793	
1718650802883	
1718650802994	
1718650803099	
1718650803099	
1718650803195	
1718650803299	
1718650803405	
1718650803493	
1718650803605	
1718650803702	
1718650803806	
1718650803910	
1718650803910	
1718650804016	
1718650804112	
1718650804215	
1718650804215	
1718650804319	
1718650804319	
1718650804410	
1718650804513	
1718650804625	
1718650804722	
1718650804826	
1718650804826	
1718650804932	
1718650805028	
1718650805125	
1718650805228	
1718650805334	
1718650805334	
1718650805435	
1718650805435	
1718650805533	
1718650805638	
1718650805733	
1718650805840	
1718650805942	
1718650805942	
1718650806055	
1718650806152	
1718650806257	
1718650806361	
1718650806458	
1718650806563	
1718650806660	
1718650806764	
1718650806764	
1718650806858	
1718650806964	
1718650806964	
1718650807070	
1718650807166	
1718650807272	
1718650807272	
1718650807375	
1718650807375	
1718650807469	
1718650807574	
1718650807574	
1718650807682	
1718650807682	
1718650807776	
1718650807880	
1718650807984	
1718650807984	
1718650808090	
1718650808185	
1718650808283	
1718650808387	
1718650808491	
1718650808595	
1718650808595	
1718650808685	
1718650808797	
1718650808902	
1718650808902	
1718650808998	
1718650809100	
1718650809206	
1718650809311	
1718650809400	
1718650809504	
1718650809608	
1718650809706	
1718650809809	
1718650809914	
1718650809914	
1718650810026	
1718650810122	
1718650810228	
1718650810228	
1718650810321	
1718650810427	
1718650810427	
1718650810534	
1718650810534	
1718650810630	
1718650810739	
1718650810837	
1718650810928	
1718650811039	
1718650811135	
1718650811246	
1718650811338	
1718650811441	
1718650811552	
1718650811649	
1718650811746	
1718650811851	
1718650811956	
1718650811956	
1718650812060	
1718650812060	
1718650812164	
1718650812266	
1718650812357	
1718650812461	
1718650812461	
1718650812567	
1718650812567	
1718650812661	
1718650812773	
1718650812871	
1718650812974	
1718650812974	
1718650813072	
1718650813176	
1718650813273	
1718650813384	
1718650813475	
1718650813586	
1718650813691	
1718650813787	
1718650813883	
1718650813988	
1718650814084	
1718650814196	
1718650814294	
1718650814404	
1718650814495	
1718650814599	
1718650814705	
1718650814705	
1718650814809	
1718650814809	
1718650814905	
1718650815008	
1718650815008	
1718650815107	
1718650815210	
1718650815210	
1718650815314	
1718650815314	
1718650815419	
1718650815419	
1718650815523	
1718650815523	
1718650815625	
1718650815625	
1718650815723	
1718650815821	
1718650815932	
1718650816022	
1718650816126	
1718650816230	
1718650816230	
1718650816336	
1718650816336	
1718650816430	
1718650816535	
1718650816535	
1718650816641	
1718650816746	
1718650816832	
1718650816945	
1718650817043	
1718650817145	
1718650817145	
1718650817250	
1718650817250	
1718650817357	
1718650817460	
1718650817556	
1718650817653	
1718650817764	
1718650817861	
1718650817958	
1718650818070	
1718650818167	
1718650818264	
1718650818374	
1718650818473	
